version: 1
creator: callgrind-3.10.0.SVN
pid: 16269
cmd:  opp_run -u Cmdenv ../inet -n ../examples/:..
part: 1


desc: I1 cache: 
desc: D1 cache: 
desc: LL cache: 

desc: Timerange: Basic block 0 - 11390
desc: Trigger: Program termination

positions: line
events: Ir
summary: 32157


ob=(1) /lib/x86_64-linux-gnu/ld-2.19.so
fl=(25) /build/buildd/eglibc-2.19/misc/../sysdeps/unix/syscall-template.S
fn=(68) mmap
81 90
+1 18

fn=(116) mprotect
81 24
+1 6

fl=(16) /build/buildd/eglibc-2.19/string/../sysdeps/x86_64/multiarch/../memcpy.S
fn=(42) memcpy
61 21
+2 21
+2 21
+3 21
+1 21
+2 12
+1 12
+2 12
+1 12
+5 12
+1 12
-1 9
+1 9
+2 9
+1 9
+2 9
+1 18
+5 9
+1 9
-1 12
+1 12
+2 10
+1 10
+2 10
+1 10
+5 10
+1 10
-1 11
+1 11
+2 11
+1 11
+2 11
+1 11
+5 11
+1 11
-1 10
+1 18
+5 8
+1 8
+1 8
+1 8
+2 8
+2 8
+1 8
+2 8
+8 21
+8 8
+6 8
+2 8
+1 8
+3 1
+1 2
+5 1
+1 1
+2 1
+2 1
+1 1
+2 1
-8 1
+1 1
+2 1
+2 1
+1 1
+2 2
+9 1
+1 1
-1 7
+1 7
+3 8
+1 8
+1 8
+5 8
+2 8
+1 8
+1 8
+1 8
+2 8
+1 8
+1 8
+1 8
+2 8
+1 8
+2 8
+22 8
+6 8
+1 8

fl=(8) /build/buildd/eglibc-2.19/elf/../sysdeps/unix/sysv/linux/x86_64/brk.c
fn=(14) brk
31 1
-3 1
+3 6
+8 1
-6 2
+7 1

fl=(11) /build/buildd/eglibc-2.19/elf/dl-environ.c
fn=(24) _dl_next_ld_env_entry
30 3
+3 11
+2 176
+11 86
-13 258
-2 1
+19 1
-14 40
+5 2
-3 2
+3 2
+2 2

fl=(34) /build/buildd/eglibc-2.19/io/../sysdeps/unix/sysv/linux/wordsize-64/xstat.c
fn=(130) _xstat
34 3
-1 3
+1 3
+1 30

fl=(20) /build/buildd/eglibc-2.19/posix/../sysdeps/unix/syscall-template.S
fn=(58) uname
81 4
+1 1

fl=(19) /build/buildd/eglibc-2.19/elf/../sysdeps/unix/sysv/linux/dl-sysdep.c
fn=(56) _dl_discover_osversion
45 7
+2 3
+85 8
-45 3
cfi=(20)
cfn=(58)
calls=1 -6 
* 5
* 1
+15 1
-15 1
+20 1
-1 1
+3 12
+4 3
-2 6
+2 10
+2 1
+1 2
-3 4
+7 3
-1 3
+4 3
-2 3
+2 10
+5 2

fl=(30) /build/buildd/eglibc-2.19/setjmp/../sysdeps/x86_64/setjmp.S
fn=(96) __sigsetjmp
26 7
+9 7
+1 14
+1 7
+4 7
+1 7
+1 7
+1 7
+1 7
+2 14
+2 7
+1 7
+3 14
+2 7
+4 7
+1 7

fl=(26) /build/buildd/eglibc-2.19/string/../sysdeps/x86_64/rtld-memset.S
fn=(70) memset
30 9
+1 9
+1 9
+1 4657
+1 9
+1 9

fl=(27) /build/buildd/eglibc-2.19/string/../sysdeps/x86_64/multiarch/../strchr.S
fn=(80) index
24 18
+1 18
+1 18
+1 18
+1 18
+1 18
+1 18
+1 18
+1 18
+1 18
+1 18
+1 18
+1 18
+1 18
+1 18
+1 18
+1 18
+1 10
+4 10
+1 10
+1 10
+1 10
+2 10
+4 8
+1 8
+1 8
+1 8
+1 8
+1 8
+1 8
+1 8
+1 8
+1 8
+1 8
+1 8
+1 8
+1 8
+1 8
+1 8
+1 8
+1 8
+1 8
+1 8
+1 8
+1 8
+1 8
+1 8
+52 8
+4 8
+1 8
+1 8
+1 8
+2 8

fl=(1) ???
fn=(0) 0x00000000000012d0
0 2
cfi=(2) /build/buildd/eglibc-2.19/elf/rtld.c
cfn=(2) _dl_start
calls=1 362 
0 32155

fl=(9) /build/buildd/eglibc-2.19/string/../sysdeps/x86_64/multiarch/../rtld-strlen.S
fn=(18) strlen
26 32
+1 32
+1 32
+1 32
+2 17
+1 17
+2 17
+1 17
-1 48
+1 48
+1 63
+1 63
+1 63
+2 60
+5 30
+1 30
+1 30
+1 30
+3 30
-6 9
+1 9
+1 9
+1 9
+3 9
+1 35
+1 35
+1 35
+2 35
+3 35
+1 35
+1 35
+1 35
+3 35
+1 24
+1 24
+1 24
+2 24
+3 12
+1 12
+1 12
+1 12
+3 12
+1 12
+1 12
+1 12
+2 12
+3 12
+1 12
+1 12
+1 12
+3 12
+1 10
+1 10
+1 10
+2 11
+3 1
+2 1
+1 1
-3 29
+2 29
+1 29
+1 26
+2 26
+1 26
+1 23
+2 23
+1 23
+1 20
+2 20
+1 20
+1 15
+2 15
+2 15
+1 15
+1 9
+2 9
+1 9
+1 6
+2 6
+1 6
+1 4
+2 4
+1 4
-1 28
+1 28

fl=(21) /build/buildd/eglibc-2.19/elf/dl-load.c
fn=(126) open_path
2168 48
+1 6
-1 30
+7 6
-7 6
+1 6
+6 6
+5 12
-7 6
+7 6
-8 6
+8 18
+74 6
-74 6
+74 6
-22 12
-52 6
+52 18
-40 6
-9 6
+9 6
+7 24
cfi=(24) /build/buildd/eglibc-2.19/string/../sysdeps/x86_64/memcpy.S
cfn=(66) mempcpy
calls=6 61 
* 216
+1 6
-1 6
+1 18
-13 12
+33 8
+1 1
+23 1
+2 15
-46 73
+3 48
+4 72
cfi=(24)
cfn=(66)
calls=9 61 
* 155
* 36
cfi=(24)
cfn=(66)
calls=9 61 
* 223
* 9
+3 9
+3 18
+3 54
cfn=(128) open_verify.constprop.6
calls=9 1871 
* 2466
* 8
+2 24
+26 16
+2 8
-21 6
+1 27
+6 6
+2 9
-2 3
+2 3
cfi=(34)
cfn=(130)
calls=3 34 
* 39
* 6
+3 6
+7 6
-44 6
2309 10
-38 10
cfi=(15) /build/buildd/eglibc-2.19/elf/dl-minimal.c
cfn=(36) malloc
calls=5 93 
* 170
* 5
* 5
+1 5
-1 5
+1 5
+2 20
cfi=(16)
cfn=(42)
calls=5 61 
* 253
+35 5
-34 5
+34 38
-72 6

fn=(72) decompose_rpath
595 11
+12 1
-10 1
+10 2
161 2
cfi=(9)
cfn=(18)
calls=1 26 
* 74
* 1
+1 2
cfi=(15)
cfn=(36)
calls=1 -69 
* 34
* 1
+2 2
+3 4
cfi=(16)
cfn=(42)
calls=1 61 
* 40
639 1
167 1
639 1
+7 6
+11 3
-2 4
+2 87
-2 116
+6 2
cfi=(15)
cfn=(36)
calls=1 93 
* 34
* 1
+2 1
-2 1
+2 1
+8 8
cfn=(74) fillin_rpath
calls=1 486 
* 1267
+4 2
cfi=(15)
cfn=(84) free
calls=1 121 
* 6
* 1
+2 1
+2 1
+2 6
-1 1
+1 2

fn=(74)
486 16
+2 2
-2 18
+5 2
cfi=(15)
cfn=(76) strsep
calls=2 338 
* 566
* 6
+4 8
cfn=(78) expand_dynamic_string_token
calls=2 -80 
* 364
* 4
cfn=(78)
calls=1 -80 
* 121
+2 3
-2 3
+2 3
cfi=(9)
cfn=(18)
calls=3 26 
* 119
+4 3
-4 3
+4 3
+7 14
+4 2
+30 10
cfi=(9)
cfn=(18)
calls=2 26 
* 32
* 4
+4 6
+1 6
-1 2
+1 2
-2 2
cfi=(15)
cfn=(36)
calls=2 93 
* 68
* 2
+1 3
+1 3
-1 1
+1 1
-2 1
cfi=(15)
cfn=(36)
calls=1 93 
* 34
* 1
+3 3
-3 3
+3 9
+5 3
+1 9
-2 3
+2 3
cfi=(24)
cfn=(66)
calls=3 61 
* 85
+3 3
-3 3
+3 3
-2 3
+2 3
+1 1
+5 4
+1 2
-1 8
+1 40
+1 30
+3 3
-1 6
+1 3
+2 2
-1 4
+1 4
-1 2
cfi=(16)
cfn=(42)
calls=2 61 
* 36
* 2
+6 2
+1 2
-1 2
+4 6
+2 4
cfi=(15)
cfn=(84)
calls=2 121 
* 12
* 2
-6 1
+1 1
-1 1
+4 3
+2 2
cfi=(15)
cfn=(84)
calls=1 121 
* 6
* 1
* 6
-90 3
cfi=(15)
cfn=(76)
calls=3 338 
* 36
* 6
+94 2
+3 18
-65 63
+1 30
-16 4
+5 4
+3 6
-3 2
+3 9
+26 2
-11 2
+42 2

fn=(78)
415 32
+10 12
cfi=(27)
cfn=(80)
calls=4 24 
* 140
* 8
161 8
cfi=(9)
cfn=(18)
calls=4 26 
* 196
* 4
+1 8
cfi=(15)
cfn=(36)
calls=4 -69 
* 136
* 4
+2 8
+3 12
440 20
167 4
cfi=(16)
cfn=(42)
calls=4 61 
* 132

fn=(104) open_verify
1873 10
+36 1
-36 2
+36 2
+21 4
cfi=(23) /build/buildd/eglibc-2.19/io/../sysdeps/unix/syscall-template.S
cfn=(106) open
calls=1 81 
* 5
+1 1
-1 1
+1 1
+10 1
+1 2
+5 6
cfi=(23)
cfn=(108) read
calls=1 81 
* 5
+2 2
+2 1
+2 1
-2 2
+2 1
+6 2
+16 5
cfi=(12) /build/buildd/eglibc-2.19/string/../string/memcmp.c
cfn=(26) bcmp
calls=1 315 
* 88
* 2
+2 1
-2 2
+4 4
cfi=(12)
cfn=(26)
calls=1 315 
* 80
-4 2
+75 2
+5 2
+3 4
+5 2
+7 1
+1 1
-1 4
+1 3
+1 1
+15 61
+2 19
+4 4
+1 2
+13 1
+1 1
+2 1
-3 1
+1 1
-1 1
+1 1
-2 1
+4 2
-7 4
cfi=(12)
cfn=(26)
calls=1 315 
* 80
* 2
-97 3
2154 8

fn=(100) _dl_map_object
2317 56
+7 7
-7 14
+7 7
+1 14
+3 63
+12 70
-12 105
+5 105
+1 70
+2 105
cfi=(31) /build/buildd/eglibc-2.19/elf/dl-misc.c
cfn=(102) _dl_name_match_p
calls=35 288 
* 2226
* 70
2607 48
2362 14
+10 42
+26 14
-2 7
+2 7
cfi=(27)
cfn=(80)
calls=7 24 
* 233
* 14
2538 6
cfn=(78)
calls=1 415 
* 239
+1 1
-3 1
+4 1
-1 2
+4 6
cfn=(104)
calls=1 1873 
* 447
+3 1
-3 1
+3 1
+12 24
+2 12
+44 6
+1 48
-1 6
+1 18
cfn=(110) _dl_map_object_from_fd
calls=6 923 
* 13624
* 6
2402 12
cfi=(9)
cfn=(18)
calls=6 26 
* 364
* 6
+2 6
-2 6
+2 6
+7 24
2530 10
2415 6
+8 18
-7 18
-1 6
+8 108
cfn=(126)
calls=6 2168 
* 4413
+4 10
691 6
2421 6
691 12
+3 12
2421 20
-80 105
+3 7
+2 7
-1 14
+1 7
cfi=(17) /build/buildd/eglibc-2.19/string/../sysdeps/x86_64/multiarch/../strcmp.S
cfn=(50) strcmp
calls=7 131 
* 91
* 14

fn=(60) _dl_init_paths
714 1
+13 2
-13 8
+13 3
cfi=(22) /build/buildd/eglibc-2.19/elf/dl-hwcaps.c
cfn=(62) _dl_important_hwcaps
calls=1 39 
* 351
+5 1
-5 1
+5 1
cfi=(15)
cfn=(36)
calls=1 93 
* 34
* 1
+1 1
-1 1
-1 1
+2 1
+8 1
-1 1
+1 4
-1 4
+5 2
cfi=(15)
cfn=(36)
calls=1 93 
* 55
* 1
+2 1
-3 1
+3 2
+29 1
-12 1
-10 1
+11 1
+3 2
+8 1
-12 1
+3 2
-14 1
+9 1
+5 3
+9 2
-7 27
cfi=(26)
cfn=(70)
calls=4 30 
* 88
+7 16
-12 3
+12 6
-14 3
+3 6
-1 3
+3 3
-5 3
+6 12
+4 3
-3 3
+3 6
-3 3
-7 6
+25 1
-11 1
+6 1
+1 1
+5 2
+2 4
+2 3
+38 4
+8 3
cfi=(27)
cfn=(80)
calls=1 24 
* 23
* 2
+2 2
cfi=(9)
cfn=(18)
calls=1 26 
* 54
* 8
cfi=(16)
cfn=(42)
calls=1 61 
* 31
* 1
+17 3
-1 2
+3 1
+1 3
+1 1
-4 3
+2 13
+1 39
+1 13
-4 40
+8 1
cfi=(15)
cfn=(36)
calls=1 93 
* 34
* 1
+1 1
-2 1
+2 1
+6 8
cfn=(74)
calls=1 486 
* 691
+4 3
+6 1
+4 8
-75 1
-2 1
+2 2
+5 1
+1 1
-2 2
+2 1
-2 2
cfn=(72)
calls=1 595 
* 1729
+7 2

fn=(110)
923 72
+11 6
-11 6
+11 6
-11 12
+11 6
cfi=(28) /build/buildd/eglibc-2.19/elf/dl-debug.c
cfn=(86) _dl_debug_initialize
calls=6 50 
* 48
+4 18
-4 6
+4 6
cfi=(32) /build/buildd/eglibc-2.19/io/../sysdeps/unix/sysv/linux/wordsize-64/fxstat.c
cfn=(114) _fxstat
calls=6 34 
* 60
* 12
+11 42
+1 18
-1 81
+1 108
+17 12
+25 12
+10 12
+22 24
+32 12
935 6
1059 42
cfi=(13) /build/buildd/eglibc-2.19/elf/dl-object.c
cfn=(28) _dl_new_object
calls=6 61 
* 3085
+1 6
-1 6
+1 6
+11 12
+5 6
-5 6
+1 12
+1 6
+2 6
-2 6
+2 24
+1 18
+1 6
+24 12
+8 6
-8 54
+8 6
-8 6
+8 6
+89 6
-95 6
-1 6
+96 6
1092 6
1198 12
+8 30
-96 78
-1 336
+1 264
+6 12
+1 18
+1 6
+9 60
+6 24
+1 12
-1 48
+8 12
+2 24
-2 12
+1 12
+4 12
-5 24
+1 24
+1 12
+1 12
+3 12
+4 12
-9 12
+2 12
+1 12
+1 12
+1 12
+4 12
+1 18
+5 12
-16 6
+16 30
+10 6
-10 12
-16 6
+16 30
+10 6
+87 12
+1 18
+1 6
-6 12
+1 24
+8 18
+13 48
+2 12
+14 6
+5 36
cfi=(25)
cfn=(68)
calls=6 81 
* 36
+4 6
-4 6
+4 6
+7 6
+1 6
-1 6
+1 6
+2 6
-3 6
+1 6
+2 6
+10 6
+2 6
+33 36
+1 18
+2 24
+8 48
+6 6
+2 6
-2 6
+1 6
+2 6
-1 6
+1 6
-1 18
+8 12
+3 10
+11 35
cfi=(26)
cfn=(70)
calls=5 30 
* 4614
+1 25
+5 12
+15 12
-74 60
+2 24
+2 48
cfi=(25)
cfn=(68)
calls=6 81 
* 36
* 12
-30 6
-1 30
cfi=(25)
cfn=(116)
calls=6 81 
* 30
* 6
1072 6
1418 24
+9 12
fi=(3) /build/buildd/eglibc-2.19/elf/get-dynamic-info.h
38 6
fe=(21)
1427 6
fi=(3)
38 6
+6 6
-2 6
+2 12
+7 6
+5 6
+3 6
-1 6
-3 6
-3 100
+10 22
-18 66
+8 144
+10 144
-18 432
+18 6
-18 18
+2 344
+5 112
+2 24
+16 12
+20 18
+1 24
+1 24
+1 24
+2 24
+5 24
+1 23
+1 24
+6 18
+5 12
+7 12
+1 18
+16 18
+14 18
+10 1
-8 2
+9 2
-1 1
+5 2
+3 12
fe=(21)
1433 12
+16 18
+19 12
+2 30
+55 18
+4 12
cfi=(23)
cfn=(120) close
calls=6 81 
* 30
* 12
+8 30
+3 18
+2 6
-2 6
+2 6
+16 12
cfi=(6) /build/buildd/eglibc-2.19/elf/dl-lookup.c
cfn=(10) _dl_setup_hash
calls=6 859 
* 150
+4 12
+1 12
+17 12
+1 1
+3 1
+5 1
-5 1
+1 2
+4 1
-5 5
+5 5
-5 5
+1 10
+4 5
+10 18
cfi=(13)
cfn=(44) _dl_add_to_namespace_list
calls=6 32 
* 300
+4 24
+20 48
fi=(3)
56 24
+3 24
+1 6
+1 24
fe=(21)
1356 30
+2 6
-1 18
+1 12
-1 6
+1 12
-1 12
+3 24
+43 24
cfi=(25)
cfn=(68)
calls=3 81 
* 18
+3 6
1537 12
474 10

fn=(128)
1871 90
+38 9
-38 9
+38 18
+21 36
cfi=(23)
cfn=(106)
calls=9 81 
* 52
+1 8
-1 8
+1 8
+10 5
+1 10
+5 30
cfi=(23)
cfn=(108)
calls=5 81 
* 25
+2 10
+2 5
+2 5
-2 10
+2 5
+6 10
+16 25
cfi=(12)
cfn=(26)
calls=5 315 
* 437
* 10
+2 5
-2 10
+4 20
cfi=(12)
cfn=(26)
calls=5 315 
* 400
-4 10
+75 10
+5 10
+3 20
+5 10
+7 5
+1 5
-1 25
+1 15
+1 5
-2 5
+17 305
+2 95
+4 20
+1 10
+13 5
+1 5
+2 5
-3 5
+1 5
-1 5
+1 5
-2 5
+4 10
-7 20
cfi=(12)
cfn=(26)
calls=5 315 
* 400
* 10
+28 3
+23 24
2005 10
+82 5
+67 40
1975 4
cfi=(12)
cfn=(26)
calls=1 315 
* 88
* 2

fl=(33) /build/buildd/eglibc-2.19/elf/dl-deps.c
fn=(122) _dl_map_object_deps
147 1
+1 1
-1 2
+1 1
-1 1
+1 1
-1 1
+1 2
-1 5
+1 1
-1 1
+1 2
+14 1
-2 1
+1 1
-13 1
+14 1
+6 3
+10 1
-10 1
+10 3
-14 1
-4 1
+2 1
+17 1
-17 1
-2 2
+2 1
-2 1
+2 1
-2 1
+1 1
+1 1
+6 3
+10 1
-10 1
+10 3
-16 3
+20 1
+21 1
+1 1
-22 2
+19 1
-12 1
+15 1
-16 1
+13 1
343 9
209 1
+8 1
-4 1
+4 1
+12 2
+2 1
+11 1
-5 1
-6 2
+5 1
+2 2
+1 2
+3 4
-32 1
+32 2
+50 10
-50 20
+1 12
+6 30
cfi=(27)
cfn=(80)
calls=6 24 
* 210
* 12
+5 30
-3 6
+3 6
cfi=(29) /build/buildd/eglibc-2.19/elf/dl-error.c
cfn=(92) _dl_catch_error
calls=6 -91 
* 21061
+2 15
+15 5
+2 10
+5 5
+6 5
-6 10
+3 5
+1 5
+1 5
+1 5
+4 25
-2 20
-69 2
+1 2

fn=(124) openaux
60 12
+7 6
-4 18
+1 6
-1 6
+1 6
-1 30
cfi=(21)
cfn=(100)
calls=6 2317 
* 20609
* 5
+5 10

fl=(22)
fn=(62)
39 8
+3 1
-1 1
+1 1
+9 1
-12 3
+3 1
-3 1
+3 1
+9 2
+10 4
+31 2
+23 3
cfi=(23)
cfn=(64) access
calls=1 -34 
* 9
* 2
-2 1
+17 6
+3 2
+29 2
+8 2
+2 4
+1 4
+4 2
+4 1
-3 1
-1 1
+4 1
+3 2
+4 5
+1 1
-1 7
+1 1
+18 12
+1 4
cfi=(15)
cfn=(36)
calls=1 93 
* 34
* 1
+1 1
-1 1
+1 3
+29 1
+3 1
-3 2
+3 1
+28 9
+1 2
-1 2
+1 6
-1 8
+5 6
+3 1
-3 1
+3 2
-3 1
+3 1
-3 2
+3 1
-3 1
+3 2
-3 1
+3 3
+1 12
+1 4
-1 4
+1 8
-2 4
+1 8
-1 14
+4 4
+3 1
+2 2
-1 1
-1 2
+2 10
+13 2
+1 1
-1 1
+3 2
-3 2
+1 1
-1 1
+3 2
+3 3
+3 1
-1 1
+1 7
145 2
-14 2
243 3
cfi=(24)
cfn=(66)
calls=1 61 
* 22
+1 2
-1 2
+1 1
cfi=(24)
cfn=(66)
calls=1 61 
* 22
* 4

fl=(29)
fn=(92)
163 14
+15 7
-3 14
+1 14
-13 14
+14 14
+1 7
+2 7
cfi=(2)
cfn=(94) _dl_initial_error_catch_tsd
calls=7 798 
* 14
+2 7
-1 7
+4 7
-5 7
+2 7
+3 7
-4 7
+4 7
cfi=(30)
cfn=(96)
calls=7 26 
* 133
* 21
+2 21
cfi=(33)
cfn=(124)
calls=6 60 
* 20708
cfi=(2)
cfn=(98) map_doit
calls=1 625 
* 2458
+1 12
+2 6
+1 6
-3 6
+1 12
+1 6
+1 6
+8 24

fl=(15)
fn=(40) __libc_memalign
51 124
+1 153
+11 30
+1 30
-1 30
+3 30
-3 30
+3 60
-3 1
+1 1
-1 1
+3 1
-3 1
+3 114
+4 12
+1 9
+6 21
cfi=(25)
cfn=(68)
calls=3 +4 
* 18
+2 15
+4 9
+3 3
+1 3
+2 15
-3 28
+1 28
+2 224
-31 3
+1 1
-2 3

fn=(76)
338 14
+2 7
+1 14
+4 202
+7 453
-2 304
+4 2
+6 90
-15 273
+18 3
+4 3
-4 1
+4 4
-11 2
+1 1

fn=(32) calloc
102 7
+7 21
-3 7
+3 14
+4 7
cfn=(36)
calls=7 -20 
* 264
* 7

fn=(36)
93 31
+1 62
cfn=(40)
calls=31 -43 
* 998
* 31

fn=(84)
121 4
-2 8
+2 4
+7 8

fl=(24)
fn=(66)
61 35
+4 35
+3 35
+1 35
+2 17
+1 17
+2 17
+1 17
+5 17
+1 17
-1 18
+1 18
+2 10
+1 10
+2 10
+1 10
+5 10
+1 10
-1 25
+1 25
+2 16
+1 16
+2 16
+1 16
+5 16
+1 16
-1 19
+1 19
+2 15
+1 15
+2 15
+1 30
+5 15
+1 15
-1 20
+1 36
+5 16
+1 16
+1 16
+1 16
+2 16
+2 16
+1 16
+2 16
+6 35
+4 35
+12 6
+2 6
+1 6
+26 6
+1 6
+3 6
+1 6
+1 6
+5 6
+2 6
+1 6
+1 6
+1 6
+2 6
+1 6
+1 6
+1 6
+2 6
+1 6
+2 6
+22 6
+2 6

fl=(32)
fn=(114)
34 6
-1 6
+1 6
+1 36
+4 6

fl=(17)
fn=(50)
131 85
+1 85
+1 85
+1 29
+1 29
+1 29
+1 29
cfn=(51) strcmp'2
calls=29 -6 
* 728
+5 56
+1 56
+1 56
+1 56

fn=(51)
131 104
+1 104
+1 104
+1 75
+1 75
+1 75
+1 75
cfn=(51)
calls=75 -6 
* 1575
+5 29
+1 29
+1 29
+1 29

fl=(7) /build/buildd/eglibc-2.19/elf/../elf/dl-sysdep.c
fn=(12) _dl_sysdep_start
86 7
+25 1
-1 1
+1 1
-25 1
+25 273
+6 1
-3 1
+1 1
-4 1
+3 1
+3 4
+1 6
-1 3
-29 1
-1 2
+31 105
-1 82
fi=(19)
-82 2
cfi=(8)
cfn=(14)
calls=1 -4 
* 12
fi=(5) /build/buildd/eglibc-2.19/elf/../sysdeps/x86_64/dl-machine.h
200 5
fe=(7)
+34 2
cfi=(10) /build/buildd/eglibc-2.19/elf/../misc/sbrk.c
cfn=(20) sbrk
calls=1 34 
* 17
* 3
+12 3
+3 6
cfi=(2)
cfn=(22) dl_main
calls=1 891 
* 30749
-98 1
+1 1
+27 1
+1 1
-17 1
+1 1
-7 1
+1 1
-4 1
+1 1
-25 1
+1 1
-4 1
+1 1
-7 1
+1 1
+2 1
+1 1
232 1
cfi=(9)
cfn=(18)
calls=1 26 
* 41
* 2

fl=(2)
fn=(48) rtld_lock_default_unlock_recursive
844 14

fn=(94)
798 14

fn=(98)
625 2
+2 7
cfi=(21)
cfn=(100)
calls=1 2317 
* 2446
* 1
+2 2

fn=(2)
362 9
+18 4
fi=(3)
44 1
fe=(2)
380 1
fi=(5)
58 3
fi=(3)
-14 1
fe=(2)
409 1
-3 1
fi=(3)
44 1
+17 2
-3 1
-7 1
+5 1
+3 1
+2 1
-3 1
-3 1
-3 2
-5 26
+15 13
-18 39
+18 1
-18 3
+2 36
+5 20
+1 16
+10 4
-18 12
+25 2
+20 4
+1 4
+1 4
+1 4
+2 4
+5 4
+1 4
+1 4
+6 3
+5 2
+7 3
+1 3
+8 3
+2 3
+3 2
+1 2
fe=(2)
537 2
+7 1
285 2
+12 2
cfi=(6)
cfn=(10)
calls=1 859 
* 25
+1 2
+1 2
+1 2
+1 2
+21 1
+10 1
-10 3
+10 1
-6 1
-4 1
+10 1
cfi=(7)
cfn=(12)
calls=1 86 
* 31353
fi=(3)
53 4
+3 4
fe=(2)
542 34
fi=(4) /build/buildd/eglibc-2.19/elf/do-rel.h
84 1
+27 1
-28 1
+28 2
+1 2
fi=(5)
492 2
fi=(4)
112 18
fi=(5)
492 18
+1 20
fi=(4)
111 20
fi=(5)
493 10
fi=(4)
111 10
+5 2
+8 1
fi=(5)
287 1
fi=(4)
124 2
+13 1
+2 2
-2 1
fi=(5)
241 1
fi=(4)
137 1
fi=(5)
269 1
fi=(4)
137 2
fi=(5)
269 1
fi=(4)
137 8
+2 16
-2 8
fi=(5)
241 8
fi=(4)
137 8
fi=(5)
269 8
fi=(4)
137 16
fi=(5)
269 8
+9 18
+3 9
-3 18
+3 27
+6 54
fi=(3)
59 4
+1 1
+1 2
fe=(2)
285 73
fi=(5)
391 9
+9 9
fi=(4)
124 28
fe=(2)

fn=(90) do_preload
804 1
+12 1
-12 5
+10 1
-4 1
+1 1
+5 4
-10 1
+6 1
+4 1
cfi=(29)
cfn=(92)
calls=1 163 
* 2519
+1 3
+8 3
+6 5

fn=(22)
891 1
+19 1
-19 9
+19 1
+3 1
2492 1
891 1
2492 1
913 1
+4 1
-26 1
+26 1
+1 2
+5 2
2485 2
+7 1
-4 1
+4 1
-5 1
+5 9
+2 2
cfi=(11)
cfn=(24)
calls=1 30 
* 112
* 4
cfi=(11)
cfn=(24)
calls=2 30 
* 472
* 9
+4 48
+1 19
-1 57
+3 4
+6 16
+76 4
cfi=(12)
cfn=(26)
calls=1 315 
* 120
* 2
+2 3
-55 4
cfi=(12)
cfn=(26)
calls=1 315 
* 26
* 2
2660 3
+33 3
933 4
1132 7
cfi=(13)
cfn=(28)
calls=1 61 
* 248
+2 1
-2 1
+2 1
+1 1
+1 1
+5 2
-5 1
+1 3
+4 1
cfi=(13)
cfn=(44)
calls=1 32 
* 34
+1 2
900 1
1171 1
-3 1
-5 1
+1 1
+2 1
+5 6
+56 2
897 1
1227 2
-55 24
-1 27
+1 47
-1 2
1274 3
+3 2
+2 2
+2 2
+13 3
+1 8
cfi=(17)
cfn=(50)
calls=1 131 
* 7
* 3
+7 1
+3 1
-5 1
+3 1
+2 1
+1 2
+4 2
+2 2
fi=(3)
29 1
+9 2
+6 1
-2 1
+2 2
+7 1
+5 1
+3 1
+2 1
-3 1
-3 1
-3 14
+10 3
-18 9
+8 32
+10 32
-18 96
+18 1
-18 3
+2 72
+5 16
+2 4
+16 3
+38 3
+5 2
+7 2
+1 3
+16 3
+14 3
+18 2
fe=(2)
1317 2
cfi=(6)
cfn=(10)
calls=1 859 
* 25
+3 4
fi=(18) /build/buildd/eglibc-2.19/elf/setup-vdso.h
24 2
fe=(2)
1342 1
cfi=(19)
cfn=(56)
calls=1 45 
* 93
* 8
1176 3
+1 1
+90 2
+1 2
+1 1
-6 2
+1 1
-37 2
-1 2
+1 4
-1 2
+2 4
+1 1
+3 2
+1 2
-1 2
+1 2
+1 2
+1 6
+1 2
-43 1
-2 2
+27 1
-25 1
+7 2
-10 1
+10 1
-19 3
+1 1
fi=(3)
56 4
+3 4
+1 1
+1 3
fe=(2)
2537 4
cfi=(12)
cfn=(26)
calls=1 315 
* 80
* 2
+2 3
1347 2
cfi=(21)
cfn=(60)
calls=1 714 
* 3438
+3 3
cfi=(28)
cfn=(86)
calls=1 50 
* 17
+7 1
-7 1
+2 1
+5 1
+3 3
+1 1
+3 1
-3 3
+1 2
+3 1
+5 1
-7 1
+7 1
+1 5
+4 1
+4 1
-2 4
+1 2
+1 3
+5 2
+1 6
+2 2
+1 2
+5 2
+5 3
906 1
1579 3
+3 2
+4 3
+5 2
+1 1
cfi=(28)
cfn=(88) _dl_debug_state
calls=1 74 
* 1
+5 3
+15 3
+4 3
+31 3
cfi=(23)
cfn=(64)
calls=1 81 
* 9
* 2
+77 4
+17 3
+1 1
-1 1
+1 2
-1 1
+1 5
cfi=(33)
cfn=(122)
calls=1 147 
* 21614
-14 1
+1 1
-1 7
+4 1
+1 1
-1 1
+2 2
+1 2
1623 2
cfi=(9)
cfn=(18)
calls=1 26 
* 93
* 8
cfi=(16)
cfn=(42)
calls=1 61 
* 67
* 1
+3 5
-12 1
+12 1
+3 3
cfi=(15)
cfn=(76)
calls=1 338 
* 765
* 3
cfi=(15)
cfn=(76)
calls=1 338 
* 6
* 6
+1 2
+1 3
+2 4
cfn=(90)
calls=1 804 
* 2547
* 2
1336 3
1635 1
+1 1
-1 3
+1 1
+1 3

fn=(46) rtld_lock_default_lock_recursive
838 14

fl=(31)
fn=(102)
288 175
+1 70
cfi=(17)
cfn=(50)
calls=35 131 
* 252
* 35
+1 35
-1 35
+3 35
+2 70
+4 42
-4 84
+1 126
cfi=(17)
cfn=(50)
calls=42 131 
* 973
* 84
+6 35
-1 35
+1 140

fl=(28)
fn=(86)
50 14
+5 12
+5 2
-1 1
+1 2
+1 2
-1 2
-9 7
+4 14
+4 1
-1 1
-58 7

fn=(88)
74 1

fl=(6)
fn=(10)
859 24
+4 8
+4 16
+2 8
-1 8
+3 24
+1 8
+1 16
+3 8
-1 8
-2 8
+3 8
+4 16
-2 8
+1 8
+1 16
+1 8

fl=(13)
fn=(28)
61 98
+1 7
cfi=(9)
cfn=(18)
calls=7 -36 
* 403
+6 7
-6 28
+6 77
+7 28
cfi=(15)
cfn=(32)
calls=7 +27 
* 327
* 7
+3 7
-3 7
+3 7
+4 7
+5 14
-6 7
+6 7
-5 7
+4 14
+1 7
cfi=(16)
cfn=(42)
calls=7 -26 
* 192
* 7
+10 14
-8 7
+9 7
-1 14
+1 14
-1 7
+1 14
+3 7
-3 7
+3 7
+9 7
-7 7
+4 7
+3 12
+2 2
-2 2
+2 30
-2 30
+12 7
+6 7
-5 7
-1 7
+6 21
-2 7
+2 14
+2 18
+3 15
+4 18
+4 18
+2 1
+6 1
+3 2
+3 5
-3 12
+3 30
+2 6
+4 6
-4 6
cfi=(9)
cfn=(18)
calls=6 26 
* 450
* 12
+4 6
-4 6
+4 18
+64 12
+4 56
-88 18
-39 15
+39 3
+70 18
cfi=(24)
cfn=(66)
calls=6 61 
* 290
* 6
+5 110
+1 110
-1 110
+1 116
-1 6
+1 18
+5 12
-57 12
cfi=(15)
cfn=(36)
calls=6 -72 
* 225
* 6
+1 6
-1 6
+1 18

fn=(44)
32 14
+2 7
-2 21
+2 7
cfi=(2)
cfn=(46)
calls=7 838 
* 14
+2 50
+4 21
-1 81
+2 6
+2 6
+4 6
+4 6
-4 12
+1 12
+1 12
+2 6
+1 18
-1 6
cfi=(2)
cfn=(48)
calls=6 844 
* 12
-4 1
+4 1
-4 2
+1 2
+1 2
+2 1
+1 3
-1 1
cfi=(2)
cfn=(48)
calls=1 844 
* 2
-5 2

fl=(23)
fn=(120)
81 24
+1 6

fn=(64)
81 8
+2 10

fn=(108)
81 24
+1 6

fn=(106)
81 36
+1 6
+1 15

fl=(10)
fn=(20)
34 4
+8 6
+4 2
+11 5

fl=(12)
fn=(26)
315 22
+3 22
-3 110
+4 22
-4 22
+7 44
+4 18
+16 6
+1 12
-1 12
129 42
-18 18
346 12
+10 32
+2 16
+1 16
+1 16
+3 179
-3 102
-2 102
+1 102
+4 204
-7 232
+12 14
+1 176
133 6
+1 6
+1 6
+1 6
+1 6
+48 6
-2 6
+1 6
+1 42
-80 6
+1 12
+4 12
-5 24
+1 48
+4 54

totals: 32157
